latency_ms
42.0
54.93
64.23
67.96
66.82
56.79
55.74
59.61
69.02
47.8
53.68
62.86
66.46
65.23
62.2
54.24
58.25
67.78
46.6
59.43
61.49
64.95
63.64
60.62
59.75
56.89
66.54
45.41
58.18
67.11
63.44
62.04
59.03
58.26
62.54
65.3
44.21
56.93
65.74
68.93
60.45
57.44
56.77
61.19
71.07
43.01
55.67
64.35
67.41
65.86
55.86
55.28
59.84
69.83
48.81
54.42
62.97
65.9
64.26
61.28
53.8
58.5
68.6
47.61
60.15
61.58
64.38
62.66
59.7
59.32
57.15
67.37
46.41
58.89
67.19
62.85
61.07
58.12
57.85
62.82
66.14
45.21
57.63
65.8
68.33
59.47
56.54
56.37
61.48
71.91
44.01
56.36
64.4
66.8
64.87
54.97
